*Nodes

0,0,0.022
0.0013848387364112,0.000776764791523628,0.0219069592618815
0.00266092273476368,0.0014763595523882,0.0217919364835665
0.0038349280030601,0.0021031853124847,0.0216560357740709
0.00511839022060956,0.00276551779367316,0.0214669506390121
0.00645752027739554,0.00342395515563874,0.0212129082977546
0.00772303839646391,0.00400593031978767,0.0209040357961585
0.00904159057867254,0.00455614609012157,0.020488433198277
0.0102954855698818,0.00500748467444346,0.0199765458414902
0.0115293987681375,0.00536238602276762,0.019333785076142
0.0127562472382292,0.00560692739394157,0.0185241450587201
0.013845264183102,0.00570199155693312,0.0175845238189248
0.0147510548586625,0.00563700101842422,0.0164809141573321
0.0153323850960987,0.00539231189625372,0.0151634060973321
0.0152239868608794,0.00499590078997178,0.0137773698725404
0.0144208375455783,0.00459626990801894,0.0126342997672919
0.0133085259724296,0.00427167506379119,0.0117427852954951
0.0121326290194322,0.00399658750960955,0.010985335944058
0.0108782696258486,0.00371767883325428,0.0102162000252335
0.00971906810248388,0.00343613522782727,0.00943958775833298
0.00867740924057976,0.00308877019479591,0.00848249420685544
0.00807862209552056,0.00264203517595103,0.00725389520233028
0.00852981926706488,0.00217763509330226,0.0059798198794619
0.00972583929789329,0.00189436864908568,0.005204316345796
0.0111235048010974,0.0017608824874257,0.00483916323731139
0.012569553284448,0.00167424778032187,0.00460193092342945
0.0139452420303151,0.00154190657281731,0.00423915908972105
0.0152478671151921,0.00129557791647124,0.0035636843412143
0.0162345982501904,0.00093917878054447,0.00258506731171829
0.0168299751906764,0.00048084022664008,0.00132443409077448
0.017,0,0
-0.00136511741043038,0.000810923130115024,0.0219069592618815
-0.00260902624486984,0.00156624690961881,0.0217919364835665
-0.00373887591100811,0.00226955241609202,0.0216560357740709
-0.00495420377424362,0.00304989706069314,0.0214669506390121
-0.00619399228489962,0.00388039902785831,0.0212129082977546
-0.00733075662095839,0.00468538228584655,0.0209040357961585
-0.0084665335467347,0.00555217408668768,0.020488433198277
-0.00948435172207016,0.00641240971059198,0.0199765458414902
-0.0104086619046841,0.00730355921218429,0.019333785076142
-0.0112338651794429,0.00824377046829081,0.0185241450587201
-0.0118607016320195,0.0091393547262066,0.0175845238189248
-0.0122573135124454,0.00995628773100746,0.0164809141573321
-0.0123360716353341,0.0105820790457006,0.0151634060973321
-0.011938570429342,0.0106864089734162,0.0137773698725404
-0.0111909052757835,0.0101906767043097,0.0126342997672919
-0.0103536421081705,0.00938968404715341,0.0117427852954951
-0.00952746082148556,0.0085088711907158,0.010985335944058
-0.0086587391256342,0.0075620184285744,0.0102162000252335
-0.00783531444937898,0.00669889226394843,0.00943958775833298
-0.00701365807543534,0.00597047174397795,0.00848249420685544
-0.00632738062782596,0.00567527437431957,0.00725389520233028
-0.00615079694450469,0.00629822262831702,0.0059798198794619
-0.00650349102318765,0.00747563958055776,0.005204316345796
-0.00708672136773848,0.00875279649315567,0.00483916323731139
-0.00773471775221247,0.0100484285683932,0.00460193092342945
-0.00830795127747953,0.0113059805737667,0.00423915908972105
-0.00874593694584226,0.0125572513170501,0.0035636843412143
-0.00893065180774201,0.0135899851146271,0.00258506731171829
-0.00883140744676999,0.0143347659468676,0.00132443409077448
-0.0085,0.0147224318643355,0
-1.97213259808137e-05,-0.00158768792163865,0.0219069592618815
-5.18964898938352e-05,-0.00304260646200701,0.0217919364835665
-9.60520920519872e-05,-0.00437273772857672,0.0216560357740709
-0.000164186446365936,-0.00581541485436629,0.0214669506390121
-0.000263527992495926,-0.00730435418349704,0.0212129082977546
-0.000392281775505518,-0.00869131260563421,0.0209040357961585
-0.000575057031937847,-0.0101083201768093,0.020488433198277
-0.000811133847811598,-0.0114198943850354,0.0199765458414902
-0.0011207368634534,-0.0126659452349519,0.019333785076142
-0.00152238205878634,-0.0138506978622324,0.0185241450587201
-0.00198456255108255,-0.0148413462831397,0.0175845238189248
-0.00249374134621712,-0.0155932887494317,0.0164809141573321
-0.00299631346076461,-0.0159743909419543,0.0151634060973321
-0.00328541643153739,-0.0156823097633879,0.0137773698725404
-0.00322993226979478,-0.0147869466123287,0.0126342997672919
-0.00295488386425911,-0.0136613591109446,0.0117427852954951
-0.00260516819794665,-0.0125054587003253,0.010985335944058
-0.00221953050021441,-0.0112796972618287,0.0102162000252335
-0.0018837536531049,-0.0101350274917757,0.00943958775833298
-0.00166375116514442,-0.00905924193877386,0.00848249420685544
-0.00175124146769461,-0.0083173095502706,0.00725389520233028
-0.00237902232256019,-0.00847585772161928,0.0059798198794619
-0.00322234827470565,-0.00937000822964344,0.005204316345796
-0.00403678343335892,-0.0105136789805814,0.00483916323731139
-0.00483483553223558,-0.0117226763487151,0.00460193092342945
-0.00563729075283557,-0.012847887146584,0.00423915908972105
-0.00650193016934985,-0.0138528292335213,0.0035636843412143
-0.00730394644244842,-0.0145291638951715,0.00258506731171829
-0.00799856774390645,-0.0148156061735077,0.00132443409077448
-0.00850000000000001,-0.0147224318643355,0
*Edges
1,2
2,3
3,4
4,5
5,6
6,7
7,8
8,9
9,10
10,11
11,12
12,13
13,14
14,15
15,16
16,17
17,18
18,19
19,20
20,21
21,22
22,23
23,24
24,25
25,26
26,27
27,28
28,29
29,30
30,31
1,32
32,33
33,34
34,35
35,36
36,37
37,38
38,39
39,40
40,41
41,42
42,43
43,44
44,45
45,46
46,47
47,48
48,49
49,50
50,51
51,52
52,53
53,54
54,55
55,56
56,57
57,58
58,59
59,60
60,61
1,62
62,63
63,64
64,65
65,66
66,67
67,68
68,69
69,70
70,71
71,72
72,73
73,74
74,75
75,76
76,77
77,78
78,79
79,80
80,81
81,82
82,83
83,84
84,85
85,86
86,87
87,88
88,89
89,90
90,91
