*Nodes

0.00952627944162882,-0.0055,0
0,0.011,0
-0.00952627944162882,-0.0055,0
0,0,0.015
0.00124412297610241,0.00144772243288359,0.0149127529291531
0.00239022211401886,0.00280060339040453,0.0148264309668235
0.00360823315115232,0.00426281383675077,0.0147270094878567
0.00470340379396328,0.00560415415395074,0.0146291085629907
0.00581191923262694,0.00699478790460012,0.0145192642387967
0.00688670188232145,0.00838568150822231,0.0143985446145389
0.00796963101721787,0.00984933351182345,0.0142555252511999
0.00901383543671658,0.0113617776105783,0.0140815162205745
0.00990888466783061,0.0128460205306372,0.013861607192703
0.0101023826820644,0.0142234250536451,0.0133549792879437
0.00889274900194527,0.0129400932529341,0.0130948949305421
0.00853051762666751,0.0112140818676259,0.0130955628454313
0.00887025145007615,0.00943760402763824,0.0132117020161396
0.00957745317243982,0.00780325910122661,0.0133008222186193
0.0090481941101609,0.00841020837187167,0.0125411881485281
0.0081849252437896,0.00979782913215214,0.0117706922653662
0.00747463022393986,0.0111949855832979,0.0108834774222183
0.00705466285504741,0.0125457541451451,0.00976469797182729
0.00723873746733898,0.0135861092608807,0.00836655412918914
0.00806302810667747,0.0141183245269901,0.00687520649915379
0.00936130953389969,0.0136362060526404,0.0060716732162212
0.00934067700037323,0.0125141592591462,0.00743495774422764
0.00910085393176248,0.0115383058438981,0.00894759993224096
0.0102878167291746,0.0113173907956373,0.00842415683248232
0.0113683583238848,0.0117007181446117,0.00710019028904068
0.0124610508347755,0.0121729308728057,0.0056335274715479
0.0135185225348186,0.0126705967217291,0.00415155198486481
0.0145252821644883,0.013167594014037,0.00270443885650275
0.0154020038444915,0.0136134540794928,0.00142362604049724
0.0163648807457874,0.0141137573575682,0
-0.001875825892557,0.000353580886294789,0.0149127529291531
-0.00362050473902458,0.000669691376225408,0.0148264309668235
-0.00549582164980613,0.000993414653299699,0.0147270094878567
-0.00720504176102707,0.00127119009285294,0.0146291085629907
-0.0089636236357813,0.00153587574789823,0.0145192642387967
-0.0107055641553266,0.00177121802426933,0.0143985446145389
-0.0125145885401934,0.00197723616378737,0.0142555252511999
-0.0143465057612684,0.0021253216684398,0.0140815162205745
-0.0160794224509835,0.00215833558019286,0.013861607192703
-0.0173690387663129,0.00163720751459721,0.0133549792879437
-0.0156528239853532,0.00123129991869625,0.0130948949305421
-0.0139769385908162,0.00178060403831207,0.0130955628454313
-0.0126083305638311,0.00296306107990258,0.0132117020161396
-0.0115465472001943,0.00439268820027545,0.0133008222186193
-0.0118075511562419,0.00363086177183624,0.0125411881485281
-0.0125776315522778,0.00218943862312226,0.0117706922653662
-0.0134324570221065,0.00087572686617793,0.0108834774222183
-0.0143922732268533,-0.000163359824967024,0.00976469797182729
-0.0153852844921832,-0.000524124092398572,0.00836655412918914
-0.0162583417525851,-7.63750916844205e-05,0.00687520649915379
-0.0164899556197755,0.00128902884272641,0.0060716732162212
-0.0155079183256115,0.00183218394129513,0.00743495774422764
-0.0145428929433314,0.00211241777908877,0.00894759993224096
-0.0149450562981654,0.00325081523912512,0.00842415683248232
-0.0158172983176976,0.00399492803550267,0.00710019028904068
-0.0167725927917494,0.00470512114436201,0.0056335274715479
-0.0177323199095345,0.00537208557592076,0.00415155198486481
-0.0186661120051201,0.00599546634456543,0.00270443885650275
-0.0194905989883394,0.00653179955876882,0.00142362604049724
-0.0204053127873973,0.00711552377697066,0
0.000631702916454597,-0.00180130331917838,0.0149127529291531
0.00123028262500573,-0.00347029476662994,0.0148264309668235
0.00188758849865382,-0.00525622849005047,0.0147270094878567
0.00250163796706378,-0.00687534424680368,0.0146291085629907
0.00315170440315435,-0.00853066365249835,0.0145192642387967
0.0038188622730052,-0.0101568995324916,0.0143985446145389
0.00454495752297557,-0.0118265696756108,0.0142555252511999
0.00533267032455179,-0.0134870992790181,0.0140815162205745
0.00617053778315293,-0.01500435611083,0.013861607192703
0.00726665608424846,-0.0158606325682423,0.0133549792879437
0.00676007498340793,-0.0141713931716304,0.0130948949305421
0.00544642096414868,-0.0129946859059379,0.0130955628454313
0.00373807911375497,-0.0124006651075408,0.0132117020161396
0.00196909402775445,-0.0121959473015021,0.0133008222186193
0.00275935704608097,-0.0120410701437079,0.0125411881485281
0.00439270630848819,-0.0119872677552744,0.0117706922653662
0.00595782679816662,-0.0120707124494759,0.0108834774222183
0.00733761037180585,-0.0123823943201781,0.00976469797182729
0.00814654702484423,-0.0130619851684821,0.00836655412918914
0.00819531364590762,-0.0140419494353057,0.00687520649915379
0.00712864608587583,-0.0149252348953668,0.0060716732162212
0.00616724132523827,-0.0143463432004414,0.00743495774422764
0.00544203901156891,-0.0136507236229868,0.00894759993224096
0.00465723956899074,-0.0145682060347624,0.00842415683248232
0.00444893999381283,-0.0156956461801143,0.00710019028904068
0.00431154195697388,-0.0168780520171677,0.0056335274715479
0.00421379737471593,-0.0180426822976499,0.00415155198486481
0.00414082984063176,-0.0191630603586024,0.00270443885650275
0.00408859514384792,-0.0201452536382616,0.00142362604049724
0.00404043204160987,-0.0212292811345389,0
*Edges
1,4
2,4
3,4
4,5
5,6
6,7
7,8
8,9
9,10
10,11
11,12
12,13
13,14
14,15
15,16
16,17
17,18
18,19
19,20
20,21
21,22
22,23
23,24
24,25
25,26
26,27
27,28
28,29
29,30
30,31
31,32
32,33
33,34
4,35
35,36
36,37
37,38
38,39
39,40
40,41
41,42
42,43
43,44
44,45
45,46
46,47
47,48
48,49
49,50
50,51
51,52
52,53
53,54
54,55
55,56
56,57
57,58
58,59
59,60
60,61
61,62
62,63
63,64
4,65
65,66
66,67
67,68
68,69
69,70
70,71
71,72
72,73
73,74
74,75
75,76
76,77
77,78
78,79
79,80
80,81
81,82
82,83
83,84
84,85
85,86
86,87
87,88
88,89
89,90
90,91
91,92
92,93
93,94
