*Nodes

0,0,0.015
0.00340168025708305,-0.00340168025708305,0.012
0.00680336051416609,-0.00680336051416609,0.009
0.0102050407712491,-0.0102050407712491,0.006
0.0136067210283322,-0.0136067210283322,0.003
0.0170084012854152,-0.0170084012854152,0
0.00124510138964437,0.00464678164672742,0.012
0.00249020277928875,0.00929356329345484,0.009
0.00373530416893312,0.0139403449401823,0.006
0.0049804055585775,0.0185871265869097,0.003
0.00622550694822187,0.0232339082336371,0
-0.00464678164672742,-0.00124510138964437,0.012
-0.00929356329345484,-0.00249020277928875,0.009
-0.0139403449401823,-0.00373530416893312,0.006
-0.0185871265869097,-0.0049804055585775,0.003
-0.0232339082336371,-0.00622550694822187,0
*Edges
1,2
2,3
3,4
4,5
5,6
1,7
7,8
8,9
9,10
10,11
1,12
12,13
13,14
14,15
15,16
