*Nodes

0,0,0.015
0.0119320279526182,-0.0119320279526182,0.0208188909827252
0.0149464086996105,-0.0149464086996105,0.0183576594091917
0.0171837640780753,-0.0171837640780753,0.014586833868923
0.0183742360095211,-0.0183742360095211,0.00996123157353352
0.0183742360095211,-0.0183742360095211,0.00503876842646647
0.0171837640780753,-0.0171837640780753,0.000413166131076992
0.0149464086996105,-0.0149464086996105,-0.00335765940919168
0.0119320279526182,-0.0119320279526182,-0.00581889098272521
0.00850420064270761,-0.00850420064270761,-0.00667366773784602
0.0043674253493243,0.0162994533019426,0.0208188909827252
0.00547076527940217,0.0204171739790127,0.0183576594091917
0.00628969418521404,0.0234734582632893,0.014586833868923
0.00672543715461554,0.0250996731641367,0.00996123157353352
0.00672543715461554,0.0250996731641367,0.00503876842646648
0.00628969418521404,0.0234734582632893,0.000413166131076993
0.00547076527940217,0.0204171739790127,-0.00335765940919168
0.0043674253493243,0.0162994533019426,-0.0058188909827252
0.00311275347411094,0.0116169541168185,-0.00667366773784602
-0.0162994533019426,-0.0043674253493243,0.0208188909827252
-0.0204171739790127,-0.00547076527940217,0.0183576594091917
-0.0234734582632893,-0.00628969418521404,0.014586833868923
-0.0250996731641367,-0.00672543715461554,0.00996123157353352
-0.0250996731641367,-0.00672543715461554,0.00503876842646648
-0.0234734582632893,-0.00628969418521404,0.000413166131076993
-0.0204171739790127,-0.00547076527940217,-0.00335765940919168
-0.0162994533019426,-0.0043674253493243,-0.0058188909827252
-0.0116169541168185,-0.00311275347411094,-0.00667366773784602



*Edges
1,2
2,3
3,4
4,5
5,6
6,7
7,8
8,9
9,10
1,11
11,12
12,13
13,14
14,15
15,16
16,17
17,18
18,19
1,20
20,21
21,22
22,23
23,24
24,25
25,26
26,27
27,28
